Values found up to and including the number 150 that contained 3 one-bits.

The numbers identified are as follows:
14(111), 15(111), 22(1011), 23(1011), 26(1101), 27(1101), 
28(1110), 29(1110), 38(10011), 39(10011), 42(10101), 
43(10101), 44(10110), 45(10110), 50(11001), 51(11001), 
52(11010), 53(11010), 56(11100), 57(11100), 70(100011), 
71(100011), 74(100101), 75(100101), 76(100110), 77(100110), 
82(101001), 83(101001), 84(101010), 85(101010), 88(101100), 
89(101100), 98(110001), 99(110001), 100(110010), 101(110010), 
104(110100), 105(110100), 112(111000), 113(111000), 134(1000011), 
135(1000011), 138(1000101), 139(1000101), 140(1000110), 141(1000110), 
146(1001001), 147(1001001), 148(1001010), 149(1001010), 