Values found up to and including the number 3000 that contained 4 one-bits.

The numbers identified are as follows:
30(1111), 31(1111), 46(10111), 47(10111), 54(11011), 55(11011), 
58(11101), 59(11101), 60(11110), 61(11110), 78(100111), 
79(100111), 86(101011), 87(101011), 90(101101), 91(101101), 
92(101110), 93(101110), 102(110011), 103(110011), 106(110101), 
107(110101), 108(110110), 109(110110), 114(111001), 115(111001), 
116(111010), 117(111010), 120(111100), 121(111100), 142(1000111), 
143(1000111), 150(1001011), 151(1001011), 154(1001101), 155(1001101), 
156(1001110), 157(1001110), 166(1010011), 167(1010011), 170(1010101), 
171(1010101), 172(1010110), 173(1010110), 178(1011001), 179(1011001), 
180(1011010), 181(1011010), 184(1011100), 185(1011100), 198(1100011), 
199(1100011), 202(1100101), 203(1100101), 204(1100110), 205(1100110), 
210(1101001), 211(1101001), 212(1101010), 213(1101010), 216(1101100), 
217(1101100), 226(1110001), 227(1110001), 228(1110010), 229(1110010), 
232(1110100), 233(1110100), 240(1111000), 241(1111000), 270(10000111), 
271(10000111), 278(10001011), 279(10001011), 282(10001101), 283(10001101), 
284(10001110), 285(10001110), 294(10010011), 295(10010011), 298(10010101), 
299(10010101), 300(10010110), 301(10010110), 306(10011001), 307(10011001), 
308(10011010), 309(10011010), 312(10011100), 313(10011100), 326(10100011), 
327(10100011), 330(10100101), 331(10100101), 332(10100110), 333(10100110), 
338(10101001), 339(10101001), 340(10101010), 341(10101010), 344(10101100), 
345(10101100), 354(10110001), 355(10110001), 356(10110010), 357(10110010), 
360(10110100), 361(10110100), 368(10111000), 369(10111000), 390(11000011), 
391(11000011), 394(11000101), 395(11000101), 396(11000110), 397(11000110), 
402(11001001), 403(11001001), 404(11001010), 405(11001010), 408(11001100), 
409(11001100), 418(11010001), 419(11010001), 420(11010010), 421(11010010), 
424(11010100), 425(11010100), 432(11011000), 433(11011000), 450(11100001), 
451(11100001), 452(11100010), 453(11100010), 456(11100100), 457(11100100), 
464(11101000), 465(11101000), 480(11110000), 481(11110000), 526(100000111), 
527(100000111), 534(100001011), 535(100001011), 538(100001101), 539(100001101), 
540(100001110), 541(100001110), 550(100010011), 551(100010011), 554(100010101), 
555(100010101), 556(100010110), 557(100010110), 562(100011001), 563(100011001), 
564(100011010), 565(100011010), 568(100011100), 569(100011100), 582(100100011), 
583(100100011), 586(100100101), 587(100100101), 588(100100110), 589(100100110), 
594(100101001), 595(100101001), 596(100101010), 597(100101010), 600(100101100), 
601(100101100), 610(100110001), 611(100110001), 612(100110010), 613(100110010), 
616(100110100), 617(100110100), 624(100111000), 625(100111000), 646(101000011), 
647(101000011), 650(101000101), 651(101000101), 652(101000110), 653(101000110), 
658(101001001), 659(101001001), 660(101001010), 661(101001010), 664(101001100), 
665(101001100), 674(101010001), 675(101010001), 676(101010010), 677(101010010), 
680(101010100), 681(101010100), 688(101011000), 689(101011000), 706(101100001), 
707(101100001), 708(101100010), 709(101100010), 712(101100100), 713(101100100), 
720(101101000), 721(101101000), 736(101110000), 737(101110000), 774(110000011), 
775(110000011), 778(110000101), 779(110000101), 780(110000110), 781(110000110), 
786(110001001), 787(110001001), 788(110001010), 789(110001010), 792(110001100), 
793(110001100), 802(110010001), 803(110010001), 804(110010010), 805(110010010), 
808(110010100), 809(110010100), 816(110011000), 817(110011000), 834(110100001), 
835(110100001), 836(110100010), 837(110100010), 840(110100100), 841(110100100), 
848(110101000), 849(110101000), 864(110110000), 865(110110000), 898(111000001), 
899(111000001), 900(111000010), 901(111000010), 904(111000100), 905(111000100), 
912(111001000), 913(111001000), 928(111010000), 929(111010000), 960(111100000), 
961(111100000), 1038(1000000111), 1039(1000000111), 1046(1000001011), 1047(1000001011), 
1050(1000001101), 1051(1000001101), 1052(1000001110), 1053(1000001110), 1062(1000010011), 
1063(1000010011), 1066(1000010101), 1067(1000010101), 1068(1000010110), 1069(1000010110), 
1074(1000011001), 1075(1000011001), 1076(1000011010), 1077(1000011010), 1080(1000011100), 
1081(1000011100), 1094(1000100011), 1095(1000100011), 1098(1000100101), 1099(1000100101), 
1100(1000100110), 1101(1000100110), 1106(1000101001), 1107(1000101001), 1108(1000101010), 
1109(1000101010), 1112(1000101100), 1113(1000101100), 1122(1000110001), 1123(1000110001), 
1124(1000110010), 1125(1000110010), 1128(1000110100), 1129(1000110100), 1136(1000111000), 
1137(1000111000), 1158(1001000011), 1159(1001000011), 1162(1001000101), 1163(1001000101), 
1164(1001000110), 1165(1001000110), 1170(1001001001), 1171(1001001001), 1172(1001001010), 
1173(1001001010), 1176(1001001100), 1177(1001001100), 1186(1001010001), 1187(1001010001), 
1188(1001010010), 1189(1001010010), 1192(1001010100), 1193(1001010100), 1200(1001011000), 
1201(1001011000), 1218(1001100001), 1219(1001100001), 1220(1001100010), 1221(1001100010), 
1224(1001100100), 1225(1001100100), 1232(1001101000), 1233(1001101000), 1248(1001110000), 
1249(1001110000), 1286(1010000011), 1287(1010000011), 1290(1010000101), 1291(1010000101), 
1292(1010000110), 1293(1010000110), 1298(1010001001), 1299(1010001001), 1300(1010001010), 
1301(1010001010), 1304(1010001100), 1305(1010001100), 1314(1010010001), 1315(1010010001), 
1316(1010010010), 1317(1010010010), 1320(1010010100), 1321(1010010100), 1328(1010011000), 
1329(1010011000), 1346(1010100001), 1347(1010100001), 1348(1010100010), 1349(1010100010), 
1352(1010100100), 1353(1010100100), 1360(1010101000), 1361(1010101000), 1376(1010110000), 
1377(1010110000), 1410(1011000001), 1411(1011000001), 1412(1011000010), 1413(1011000010), 
1416(1011000100), 1417(1011000100), 1424(1011001000), 1425(1011001000), 1440(1011010000), 
1441(1011010000), 1472(1011100000), 1473(1011100000), 1542(1100000011), 1543(1100000011), 
1546(1100000101), 1547(1100000101), 1548(1100000110), 1549(1100000110), 1554(1100001001), 
1555(1100001001), 1556(1100001010), 1557(1100001010), 1560(1100001100), 1561(1100001100), 
1570(1100010001), 1571(1100010001), 1572(1100010010), 1573(1100010010), 1576(1100010100), 
1577(1100010100), 1584(1100011000), 1585(1100011000), 1602(1100100001), 1603(1100100001), 
1604(1100100010), 1605(1100100010), 1608(1100100100), 1609(1100100100), 1616(1100101000), 
1617(1100101000), 1632(1100110000), 1633(1100110000), 1666(1101000001), 1667(1101000001), 
1668(1101000010), 1669(1101000010), 1672(1101000100), 1673(1101000100), 1680(1101001000), 
1681(1101001000), 1696(1101010000), 1697(1101010000), 1728(1101100000), 1729(1101100000), 
1794(1110000001), 1795(1110000001), 1796(1110000010), 1797(1110000010), 1800(1110000100), 
1801(1110000100), 1808(1110001000), 1809(1110001000), 1824(1110010000), 1825(1110010000), 
1856(1110100000), 1857(1110100000), 1920(1111000000), 1921(1111000000), 